22
22
21
22
31
31
27
28
28
28
27
27
29
30
35
35
26
27
41
42
50
50
48
48
28
28
22
22
53
53
43
43
23
23
36
36
33
33
86
87
80
81
37
38
35
35
33
33
44
44
45
45
33
32
30
30
39
38
51
51
31
31
28
28
26
27
32
31
21
21
26
26
31
31
27
27
32
34
34
34
41
40
21
21
41
41
54
55
54
54
34
34
22
20
43
43
30
31
25
24
35
35
23
23
28
29
25
25
36
35
26
27
36
36
64
63
48
48
38
38
36
36
80
80
26
27
76
76
34
33
22
22
21
21
20
21
52
52
33
34
22
21
35
35
62
60
85
84
39
39
44
44
51
51
38
38
30
31
49
49
32
32
25
25
23
24
21
21
22
22
35
35
23
23
24
24
29
29
38
38
30
30
26
26
36
36
30
30
24
24
41
42
61
62
36
37
35
34
33
33
26
25
21
21
21
21
37
38
24
25
27
26
23
23
25
25
27
26
24
24
21
21
103
104
46
46
60
61
66
67
49
49
119
119
62
61
21
20
24
24
23
24
25
26
31
31
26
26
32
32
37
37
38
39
36
35
29
28
46
46
33
33
21
22
43
43
63
63
33
33
35
35
22
22
23
22
34
33
32
32
23
23
21
20
24
24
22
22
25
25
25
25
32
32
22
22
63
64
57
58
43
42
43
43
38
38
24
24
54
54
47
47
52
52
93
93
83
82
22
23
50
50
28
28
25
24
36
36
21
21
25
24
36
36
22
22
68
68
71
71
30
31
24
24
36
36
37
38
23
24
31
30
21
20
26
26
30
29
35
35
23
23
39
40
31
30
27
27
37
37
22
22
33
33
64
64
22
22
27
27
21
21
28
28
25
25
22
21
22
22
37
37
24
24
37
37
60
60
21
21
23
22
52
51
24
23
21
21
23
23
32
33
39
40
43
43
34
34
24
25
21
22
44
43
65
65
33
33
54
54
43
43
55
54
34
34
22
23
25
25
30
29
35
35
30
30
30
30
55
55
25
24
22
21
25
25
24
24
26
26
31
31
23
23
32
32
22
23
21
22
38
39
33
33
22
22
21
21
25
25
26
26
32
32
22
22
27
27
21
21
33
33
34
34
30
31
38
38
39
39
28
28
28
29
23
23
24
23
25
24
21
21
25
25
30
29
32
32
69
69
30
30
26
26
21
21
35
35
21
21
32
33
47
47
25
25
37
37
59
59
34
34
29
29
23
23
22
22
33
33
33
32
21
21
22
22
34
33
32
32
49
48
22
22
23
23
28
28
23
23
41
41
22
22
23
22
28
28
21
21
23
23
27
27
21
21
24
24
29
29
25
26
27
27
30
30
25
24
25
26
21
20
22
22
29
28
24
23
22
22
24
23
22
22
41
40
23
23
24
24
24
24
29
30
48
48
23
23
23
23
66
65
43
43
21
21
31
30
24
25
44
44
30
30
29
30
27
26
25
25
36
36
25
25
22
22
26
26
25
25
23
23
28
27
25
24
26
26
22
22
24
24
31
31
42
42
24
24
26
26
39
39
30
30
47
47
26
26
21
21
26
25
22
22
24
24
36
36
25
26
23
23
24
24
25
25
21
21
22
22
22
22
22
22
21
21
23
23
21
21
23
23
21
21
44
44
46
47
34
34
64
64
29
30
39
40
21
21
23
24
24
24
21
20
21
21
22
21
25
25
26
26
29
30
43
42
61
60
42
42
24
24
24
24
22
22
24
26
35
33
59
57
22
21
23
23
87
87
107
107
21
21
31
32
27
27
21
21
24
24
28
28
70
70
27
27
25
26
44
44
22
22
28
28
33
33
81
80
42
42
33
33
31
31
38
38
35
35
21
21
34
34
23
23
31
30
36
37
22
23
23
23
28
29
25
24
20
21
30
31
21
20
23
23
32
32
37
37
27
27
22
22
24
25
22
22
31
31
22
22
25
25
22
22
21
21
24
24
26
25
32
31
38
38
48
48
36
36
56
55
57
58
24
25
27
28
31
30
22
22
30
29
44
44
45
46
26
28
30
30
58
57
32
31
29
28
76
77
52
51
30
30
43
42
22
21
34
34
53
55
30
30
56
57
48
47
33
34
34
34
42
43
21
22
27
27
34
35
35
36
24
24
21
21
31
32
25
25
46
46
19
21
32
32
32
33
21
21
21
21
51
50
79
79
59
59
44
44
51
51
22
22
23
23
46
47
36
36
40
40
28
27
61
61
71
71
25
26
40
40
51
51
39
39
45
45
25
25
35
35
24
24
24
24
41
41
27
26
26
25
24
24
70
70
29
30
28
28
27
27
23
23
34
32
47
48
48
49
37
37
40
40
40
39
66
66
77
78
29
32
28
29
58
59
57
57
54
54
33
33
69
68
65
65
34
34
28
28
26
25
24
25
21
21
22
22
23
23
21
21
28
27
24
24
55
54
46
46
31
31
24
24
21
21
29
29
28
28
42
41
47
47
59
59
37
37
31
31
28
27
26
26
48
48
25
25
26
26
24
24
30
29
23
23
24
24
40
40
25
25
31
31
45
45
21
21
21
21
29
29
43
42
145
144
68
68
79
83
105
107
55
55
48
48
32
32
24
25
38
36
35
35
51
53
27
27
26
25
25
25
25
24
45
44
22
22
35
35
37
37
25
25
24
24
43
43
53
54
27
27
36
35
52
52
34
35
37
37
25
26
32
30
49
49
31
31
20
21
38
39
30
30
25
26
36
36
74
74
56
58
43
46
21
22
40
40
44
44
24
24
21
22
23
22
28
28